Seme della rete:  4
Selected a CC with 1978 nanowires
Pin connnection to CCs:
1  1  1  1  
1  1  1  1  
1  1  1  1  
1  1  1  1  
! CHECK THAT ALL THE I/O/C ARE CONNECTED TO THE SAME COMPONENT !
Experiment  OR
Generation of 50 individual, with k top 10, in 100 generation with 0.2 pm
Generazione: 0

[[7, 4, 1, 11, 6], -0.21121605076102412, -4.098997558167943, 0]
-0.018752510114446192
-0.01883615920074234
-0.010601714974101424
-0.01065664637198863
-0.009370768677888332
-0.009424671761904965
-0.02147533456504083
-0.021543642433953278
[-0.018752510114446192, -0.01883615920074234, -0.010601714974101424, -0.01065664637198863, -0.009370768677888332, -0.009424671761904965, -0.02147533456504083, -0.021543642433953278]
25.0
[[12, 8, 4, 15, 0], -2.780718243096824, 0.36680008174813494, 1]
-0.43856393219704093
-0.4786306782430972
-0.6840687381096326
-0.7477988573033417
-0.5363582470245389
-0.5573256279119808
-0.6575447617166216
-0.6606727131908228
[-0.43856393219704093, -0.4786306782430972, -0.6840687381096326, -0.7477988573033417, -0.5363582470245389, -0.5573256279119808, -0.6575447617166216, -0.6606727131908228]
25.0
[[5, 13, 1, 4, 3], 4.429593602379832, -4.743603182664511, 1]
0.7602674487892633
0.760911779879247
0.562553751231066
0.5627587692837275
0.4011311354738201
0.43772013659563846
0.41704012983630473
0.5152780253445163
[0.7602674487892633, 0.760911779879247, 0.562553751231066, 0.5627587692837275, 0.4011311354738201, 0.43772013659563846, 0.41704012983630473, 0.5152780253445163]
75.0
[[8, 3, 2, 4, 12], 1.2697560241313006, 2.31894708878718, 1]
0.06423844055537721
0.06426163103423455
0.02817311845517292
0.028712983767139932
0.040298574674159655
0.040635555556061735
0.04343405774831887
0.04367514653649026
[0.06423844055537721, 0.06426163103423455, 0.02817311845517292, 0.028712983767139932, 0.040298574674159655, 0.040635555556061735, 0.04343405774831887, 0.04367514653649026]
25.0
[[2, 13, 9, 5, 10], -1.1206815014814007, -2.5112645940638956, 0]
-0.1905541242563482
-0.19087793342430362
-0.07357555644734033
-0.0749646787659872
-0.13265890069948832
-0.13357083600879216
-0.22402330050425903
-0.22395026036144158
[-0.1905541242563482, -0.19087793342430362, -0.07357555644734033, -0.0749646787659872, -0.13265890069948832, -0.13357083600879216, -0.22402330050425903, -0.22395026036144158]
25.0
[[15, 4, 1, 8, 14], -4.927886656755933, -2.0805833062256287, 1]
-0.35224246203302556
-0.379629062151723
-0.24262590752833801
-0.26539700739146604
-0.3731377535476023
-0.3858774491439292
-0.6257590904044468
-0.5489735841323351
[-0.35224246203302556, -0.379629062151723, -0.24262590752833801, -0.26539700739146604, -0.3731377535476023, -0.3858774491439292, -0.6257590904044468, -0.5489735841323351]
75.0
[[6, 15, 14, 9, 4], -0.6895698270669293, -3.3867939387839154, 1]
-0.01925582106996291
-0.019418010272233405
-0.027231287728407518
-0.027378180124449546
-0.04054281762587794
-0.04065592291511219
-0.025291425618404074
-0.025444416489564758
[-0.01925582106996291, -0.019418010272233405, -0.027231287728407518, -0.027378180124449546, -0.04054281762587794, -0.04065592291511219, -0.025291425618404074, -0.025444416489564758]
75.0
[[8, 13, 12, 0, 1], -4.536780009964874, 1.2635074553990346, 1]
-0.21650139114311823
-0.4671282409763487
-0.9534386539455879
-0.8212172433768128
-0.3234002391885555
-0.3456836783629036
-0.3373324661986022
-0.34405762854200733
[-0.21650139114311823, -0.4671282409763487, -0.9534386539455879, -0.8212172433768128, -0.3234002391885555, -0.3456836783629036, -0.3373324661986022, -0.34405762854200733]
25.0
[[15, 11, 5, 2, 10], -3.044265056666846, -0.87205343592675, 0]
-0.816150629219161
-1.4105625302402947
-0.9253603852126094
-1.2338160261375541
-1.3751223276927582
-1.3774037253914053
-1.658478095151234
-1.6584795734811741
[-0.816150629219161, -1.4105625302402947, -0.9253603852126094, -1.2338160261375541, -1.3751223276927582, -1.3774037253914053, -1.658478095151234, -1.6584795734811741]
100.0
[[14, 4, 2, 5, 6], 2.4694268099046255, -1.7933109675025802, 0]
0.34327438013616546
0.34780141252581553
0.09862189555882489
0.10263721568985386
0.1475568103725966
0.14922219452785265
0.053913664452027346
0.07756199143425267
[0.34327438013616546, 0.34780141252581553, 0.09862189555882489, 0.10263721568985386, 0.1475568103725966, 0.14922219452785265, 0.053913664452027346, 0.07756199143425267]
25.0
[[10, 1, 13, 0, 11], -2.7113055976123523, 2.651622413262759, 0]
-0.2926710747171311
-0.3819579294447545
-0.37773608522090346
-0.3779104218924409
-0.09347045927130208
-0.10714440326240823
-0.49775200665986397
-0.4958627310727822
[-0.2926710747171311, -0.3819579294447545, -0.37773608522090346, -0.3779104218924409, -0.09347045927130208, -0.10714440326240823, -0.49775200665986397, -0.4958627310727822]
75.0
[[3, 5, 2, 4, 7], -4.743239205866219, -1.4291595148077696, 0]
-0.8386462193483877
-0.9925019852316684
-0.5486828065971406
-0.5609529225801094
-0.5477354464035392
-0.5742959877948751
-0.9194780486907497
-0.9057418520166557
[-0.8386462193483877, -0.9925019852316684, -0.5486828065971406, -0.5609529225801094, -0.5477354464035392, -0.5742959877948751, -0.9194780486907497, -0.9057418520166557]
25.0
[[9, 11, 10, 5, 0], -1.7718973540517347, -1.7832388009125921, 0]
-0.13449829897267132
-0.13632579251548985
-0.15406193682210828
-0.15855458702825195
-0.3028162549149959
-0.30287630168838
-0.15828925566494192
-0.15979668161110172
[-0.13449829897267132, -0.13632579251548985, -0.15406193682210828, -0.15855458702825195, -0.3028162549149959, -0.30287630168838, -0.15828925566494192, -0.15979668161110172]
25.0
[[13, 15, 14, 9, 10], 3.1792780069825266, -2.0658974634312366, 0]
1.3094688627043394
1.3065156116392276
1.2759607586831487
1.274534806416488
0.33283859447201
0.8138917065399114
0.4609093451482444
0.7935983178094966
[1.3094688627043394, 1.3065156116392276, 1.2759607586831487, 1.274534806416488, 0.33283859447201, 0.8138917065399114, 0.4609093451482444, 0.7935983178094966]
25.0
[[14, 4, 2, 15, 6], 0.9880966664711845, -3.410953407637237, 0]
0.2027104533223746
0.2025266278448126
0.0323023615529904
0.03298118639050208
0.05627888289056208
0.056746688423934995
0.13373031480594869
0.13417556675787726
[0.2027104533223746, 0.2025266278448126, 0.0323023615529904, 0.03298118639050208, 0.05627888289056208, 0.056746688423934995, 0.13373031480594869, 0.13417556675787726]
25.0
[[11, 0, 7, 2, 5], 2.8374567482135493, -1.3727573307465568, 1]
1.1250948475140525
1.1195525810039435
0.7921094748445239
0.7936089494139644
1.132935802048498
1.123591422820071
0.3911782942167824
0.45697613612779986
[1.1250948475140525, 1.1195525810039435, 0.7921094748445239, 0.7936089494139644, 1.132935802048498, 1.123591422820071, 0.3911782942167824, 0.45697613612779986]
75.0
[[3, 7, 15, 6, 13], -3.8638176724806783, -4.37790810650061, 0]
-0.2389915190072957
-0.28747114667687984
-0.4695293355326995
-0.4817659747847914
-0.37197655210489744
-0.38710274783124554
-0.47429849509075706
-0.48273547757450075
[-0.2389915190072957, -0.28747114667687984, -0.4695293355326995, -0.4817659747847914, -0.37197655210489744, -0.38710274783124554, -0.47429849509075706, -0.48273547757450075]
25.0
[[4, 9, 0, 8, 7], 0.8266507274701187, -1.7856704445454086, 0]
0.34983628935287536
0.34938978035366547
0.051320118069417976
0.12845825459383303
0.19417399014336587
0.1948043747636371
0.26920875657148224
0.26871353227397016
[0.34983628935287536, 0.34938978035366547, 0.051320118069417976, 0.12845825459383303, 0.19417399014336587, 0.1948043747636371, 0.26920875657148224, 0.26871353227397016]
25.0
[[3, 13, 8, 4, 6], 1.5161217739922837, -2.9973857493875955, 0]
0.266874293973863
0.2673219131809688
0.12963255855683953
0.13091814328257573
0.05717022030885829
0.08150102350722774
0.209347292635761
0.21011367132757475
[0.266874293973863, 0.2673219131809688, 0.12963255855683953, 0.13091814328257573, 0.05717022030885829, 0.08150102350722774, 0.209347292635761, 0.21011367132757475]
25.0
[[7, 15, 6, 14, 0], -2.809384955374825, -0.5649789237539498, 1]
-0.06609318826918038
-0.08465232554981693
-0.05360141894015227
-0.059376364746507745
-0.1994044566533808
-0.18364047385360946
-0.36028780842807845
-0.26340415841517617
[-0.06609318826918038, -0.08465232554981693, -0.05360141894015227, -0.059376364746507745, -0.1994044566533808, -0.18364047385360946, -0.36028780842807845, -0.26340415841517617]
75.0
[[6, 7, 3, 0, 12], -2.4560633858004675, -2.576108759218668, 0]
-0.36889571380958863
-0.3765148714715687
-0.394098620587608
-0.4005799660624573
-0.25405819704262206
-0.2922130094365187
-0.37946442156020704
-0.3829146170961479
[-0.36889571380958863, -0.3765148714715687, -0.394098620587608, -0.4005799660624573, -0.25405819704262206, -0.2922130094365187, -0.37946442156020704, -0.3829146170961479]
25.0
[[7, 6, 13, 4, 2], -1.7498592994158182, 3.910254979732123, 1]
-0.8018095342946574
-0.8132981143024356
-1.0960710467232702
-1.0946417236067942
-0.2591954922480995
-0.7283518359038219
-1.1062349492770291
-1.1047405070448568
[-0.8018095342946574, -0.8132981143024356, -1.0960710467232702, -1.0946417236067942, -0.2591954922480995, -0.7283518359038219, -1.1062349492770291, -1.1047405070448568]
25.0
[[3, 9, 6, 10, 12], 3.7089811109645456, 2.1735247034375584, 0]
2.2152139159871735
2.208226664296102
2.2413284452138638
2.2331795217901624
2.224063495685497
2.168677074008478
1.8679379601910433
2.069564643320905
[2.2152139159871735, 2.208226664296102, 2.2413284452138638, 2.2331795217901624, 2.224063495685497, 2.168677074008478, 1.8679379601910433, 2.069564643320905]
50.0
[[15, 6, 1, 14, 3], 4.2992770577822785, 0.7230484410942974, 0]
2.0891290128183466
2.0821354539958823
1.791918521387844
2.0710527837483768
2.051493465620785
2.1145617450666174
1.6743057500789178
2.491040215381615
[2.0891290128183466, 2.0821354539958823, 1.791918521387844, 2.0710527837483768, 2.051493465620785, 2.1145617450666174, 1.6743057500789178, 2.491040215381615]
25.0
[[10, 4, 15, 7, 13], -1.8496284771840155, -0.8001084232312525, 0]
-0.5936925076205893
-0.5936700474131539
-0.39388020012299646
-0.39709816086939165
-0.28698488707667963
-0.294592751363472
-0.728101490453491
-0.7277095276929738
[-0.5936925076205893, -0.5936700474131539, -0.39388020012299646, -0.39709816086939165, -0.28698488707667963, -0.294592751363472, -0.728101490453491, -0.7277095276929738]
25.0
[[8, 5, 6, 7, 1], 3.5860951968348225, -2.199190559851094, 0]
1.0622784295100558
1.06999999599467
0.87661973981235
0.9263258884172714
0.8599797452511615
0.9425489666180698
0.454231788834437
1.180523131516318
[1.0622784295100558, 1.06999999599467, 0.87661973981235, 0.9263258884172714, 0.8599797452511615, 0.9425489666180698, 0.454231788834437, 1.180523131516318]
25.0
[[1, 6, 9, 2, 4], 1.6718991738790976, -4.395168880367287, 0]
0.46876164243844826
0.4687692159964661
0.24383338062815016
0.24539567255892544
0.19440610837347408
0.19962997965783444
0.29021886850708023
0.3051231694058978
[0.46876164243844826, 0.4687692159964661, 0.24383338062815016, 0.24539567255892544, 0.19440610837347408, 0.19962997965783444, 0.29021886850708023, 0.3051231694058978]
25.0
[[14, 9, 7, 11, 6], 4.274809464100173, -2.8145853580524594, 0]
0.9794739954198882
0.9804575072507288
0.5220526257578209
0.6637303980846909
1.16778175656341
1.109058901155041
0.5187182121358727
0.7615359472322258
[0.9794739954198882, 0.9804575072507288, 0.5220526257578209, 0.6637303980846909, 1.16778175656341, 1.109058901155041, 0.5187182121358727, 0.7615359472322258]
25.0
[[6, 14, 2, 0, 9], 3.7642358435197956, -3.8411003056330117, 1]
1.8886990438116718
1.8877042758802318
1.6056455866934254
1.5385792154788807
1.8901237125561525
1.8742029673181808
0.9198532833333279
1.4879098204513546
[1.8886990438116718, 1.8877042758802318, 1.6056455866934254, 1.5385792154788807, 1.8901237125561525, 1.8742029673181808, 0.9198532833333279, 1.4879098204513546]
75.0
[[7, 8, 0, 3, 2], 1.7148179269044048, -1.6935688392498216, 1]
0.21385607043651203
0.21514890752216187
0.13023225974944158
0.13157123094379128
0.08509198607306692
0.08671135693648341
0.0908336636255493
0.09262945559559331
[0.21385607043651203, 0.21514890752216187, 0.13023225974944158, 0.13157123094379128, 0.08509198607306692, 0.08671135693648341, 0.0908336636255493, 0.09262945559559331]
75.0
[[14, 0, 1, 15, 11], 0.9448684091058723, -0.11168773764325213, 1]
0.02275109590682011
0.022939035175216956
0.02510512233469315
0.02528217444018118
0.01960615099914174
0.0197400392758487
0.02009148289346217
0.020282210806316512
[0.02275109590682011, 0.022939035175216956, 0.02510512233469315, 0.02528217444018118, 0.01960615099914174, 0.0197400392758487, 0.02009148289346217, 0.020282210806316512]
75.0
[[4, 0, 5, 1, 8], 4.050356895517652, -2.0306155206494814, 1]
0.40613498504252526
0.34373230684376793
0.10285293386942963
0.10644646156688202
0.12552907128596943
0.13577275847186587
0.11420215631391614
0.15031367292043799
[0.40613498504252526, 0.34373230684376793, 0.10285293386942963, 0.10644646156688202, 0.12552907128596943, 0.13577275847186587, 0.11420215631391614, 0.15031367292043799]
75.0
[[2, 1, 8, 7, 6], -2.946472928867677, 4.765674420533282, 1]
-0.24824442053234286
-0.3966823815663286
-0.7341388589043826
-0.7471241653727849
-0.3771275136652954
-0.4736751403264881
-0.7552540397528463
-0.760862092275397
[-0.24824442053234286, -0.3966823815663286, -0.7341388589043826, -0.7471241653727849, -0.3771275136652954, -0.4736751403264881, -0.7552540397528463, -0.760862092275397]
25.0
[[7, 12, 15, 6, 1], -4.228057480271823, 4.157553957474359, 1]
-0.3904737608371429
-0.40279707751967714
-0.5275248699692064
-0.5629092303282105
-1.0951117821317815
-1.0249957095390914
-0.8469253328255317
-0.8406992943629622
[-0.3904737608371429, -0.40279707751967714, -0.5275248699692064, -0.5629092303282105, -1.0951117821317815, -1.0249957095390914, -0.8469253328255317, -0.8406992943629622]
25.0
[[13, 6, 15, 11, 7], -4.330821288481915, 3.8132493898805855, 0]
-2.269887083742209
-2.239500814076365
-2.3180813932057376
-2.28920419461039
-2.446566497453465
-2.2567082285513655
-2.345856732775111
-2.2653002297895086
[-2.269887083742209, -2.239500814076365, -2.3180813932057376, -2.28920419461039, -2.446566497453465, -2.2567082285513655, -2.345856732775111, -2.2653002297895086]
75.0
[[9, 14, 13, 7, 6], -3.81827512395763, 0.5829116081727275, 1]
-0.42868495091044423
-0.6002197892510198
-1.4234541311025548
-1.373767833990324
-0.718306914716841
-0.7625286815056906
-1.7754518761060591
-1.407941231895212
[-0.42868495091044423, -0.6002197892510198, -1.4234541311025548, -1.373767833990324, -0.718306914716841, -0.7625286815056906, -1.7754518761060591, -1.407941231895212]
25.0
[[5, 2, 11, 14, 15], -0.05744771213670141, -1.6141509072027302, 0]
-0.0007577455999692104
-0.0007615794876864612
-0.00019790908849567066
-0.00020091172726820013
-0.00019310798129499698
-0.0001961085124142566
-0.0007922174677904664
-0.0007960462093848142
[-0.0007577455999692104, -0.0007615794876864612, -0.00019790908849567066, -0.00020091172726820013, -0.00019310798129499698, -0.0001961085124142566, -0.0007922174677904664, -0.0007960462093848142]
25.0
[[5, 0, 10, 4, 1], 0.44948474398543414, -0.13493308527617032, 1]
0.21004426355956016
0.20964435839850165
0.02729687753536909
0.027938993079139617
0.05808903229405286
0.0583725909057005
0.1880496257104131
0.18761098675572357
[0.21004426355956016, 0.20964435839850165, 0.02729687753536909, 0.027938993079139617, 0.05808903229405286, 0.0583725909057005, 0.1880496257104131, 0.18761098675572357]
75.0
[[2, 8, 3, 6, 4], -1.432094333379792, 2.666699303717416, 0]
-0.691134416837384
-0.7147896734812144
-0.9084240145517786
-0.9079451879406163
-0.7522939153340373
-0.7631833131953464
-0.9234269955007005
-0.9230361258707903
[-0.691134416837384, -0.7147896734812144, -0.9084240145517786, -0.9079451879406163, -0.7522939153340373, -0.7631833131953464, -0.9234269955007005, -0.9230361258707903]
75.0
[[1, 9, 5, 8, 7], 2.8245313399589156, 0.6833910424746872, 1]
0.830223865656163
0.825362326001591
0.5043816395076931
0.50758806972249
0.5777024589940226
0.5709495780393838
0.39936883329111716
0.6582435217988639
[0.830223865656163, 0.825362326001591, 0.5043816395076931, 0.50758806972249, 0.5777024589940226, 0.5709495780393838, 0.39936883329111716, 0.6582435217988639]
0.0
[[14, 6, 2, 4, 9], -1.3782044510620861, 1.620866756144462, 0]
-0.18383216617780557
-0.1868158975537914
-0.30534004533588055
-0.3068460467251556
-0.19212617614703467
-0.34695358957939526
-0.34348167682684505
-0.3445871253820978
[-0.18383216617780557, -0.1868158975537914, -0.30534004533588055, -0.3068460467251556, -0.19212617614703467, -0.34695358957939526, -0.34348167682684505, -0.3445871253820978]
75.0
[[13, 1, 9, 2, 10], 3.090222598770069, -3.223312922912368, 1]
0.96222535488884
0.9112136532057976
0.7244217791915146
0.7197146445000286
0.359765667203663
0.37839137404844564
0.4014427056185693
0.44567613836786785
[0.96222535488884, 0.9112136532057976, 0.7244217791915146, 0.7197146445000286, 0.359765667203663, 0.37839137404844564, 0.4014427056185693, 0.44567613836786785]
75.0
[[6, 9, 12, 5, 10], 1.2083002837924681, -4.065327862124049, 1]
0.293827909590512
0.2938973619699136
0.12397157961828693
0.14021825829618906
0.15021156387434928
0.15177942775821388
0.266857380329979
0.2661663097876656
[0.293827909590512, 0.2938973619699136, 0.12397157961828693, 0.14021825829618906, 0.15021156387434928, 0.15177942775821388, 0.266857380329979, 0.2661663097876656]
75.0
[[5, 15, 10, 14, 12], -3.253772087351968, 3.8328427093603743, 0]
-0.10147914254786476
-0.12300692913743394
-0.0985773584481095
-0.12366081763437077
-0.3660518346462042
-0.2411477734777032
-0.5272524663268059
-0.3430875006703263
[-0.10147914254786476, -0.12300692913743394, -0.0985773584481095, -0.12366081763437077, -0.3660518346462042, -0.2411477734777032, -0.5272524663268059, -0.3430875006703263]
75.0
[[2, 12, 5, 14, 1], -3.415342555761227, 0.8416880657551733, 1]
-0.06965493913813088
-0.09083170195079095
-0.08237748669870808
-0.08808660631623716
-0.1706358091128792
-0.17300233653514666
-0.44790754452597414
-0.445414696142654
[-0.06965493913813088, -0.09083170195079095, -0.08237748669870808, -0.08808660631623716, -0.1706358091128792, -0.17300233653514666, -0.44790754452597414, -0.445414696142654]
25.0
[[2, 12, 1, 15, 10], -0.20869317089047268, 3.863261770099527, 0]
-0.01699536820316303
-0.01712078848684481
-0.01909876435669231
-0.019221456730810504
-0.019785205635478764
-0.01989023138071755
-0.018939787787873252
-0.019063520960199327
[-0.01699536820316303, -0.01712078848684481, -0.01909876435669231, -0.019221456730810504, -0.019785205635478764, -0.01989023138071755, -0.018939787787873252, -0.019063520960199327]
75.0
[[9, 13, 11, 6, 15], -2.6256633626763035, -0.10164270523268826, 0]
-0.18945544465618053
-0.21630471520931357
-0.2439596787390934
-0.24761734252287176
-0.368765068788931
-0.3751419788228998
-0.4023032534257242
-0.4033051044846662
[-0.18945544465618053, -0.21630471520931357, -0.2439596787390934, -0.24761734252287176, -0.368765068788931, -0.3751419788228998, -0.4023032534257242, -0.4033051044846662]
75.0
[[9, 5, 3, 11, 14], 0.3722662200627269, 0.2976077792383105, 1]
0.03912496641598215
0.039234765802509335
0.03667865668127249
0.03684106305359513
0.03365835368310549
0.033777813387095845
0.03474933636057572
0.034870089766106865
[0.03912496641598215, 0.039234765802509335, 0.03667865668127249, 0.03684106305359513, 0.03365835368310549, 0.033777813387095845, 0.03474933636057572, 0.034870089766106865]
25.0
[[12, 8, 6, 5, 4], -0.6170940092530515, 0.8813444534825763, 1]
-0.26568613618909687
-0.26590413516193867
-0.24722425403440293
-0.24756257011785548
-0.2645154709206088
-0.26475424297582323
-0.2912993818272415
-0.2912571014384993
[-0.26568613618909687, -0.26590413516193867, -0.24722425403440293, -0.24756257011785548, -0.2645154709206088, -0.26475424297582323, -0.2912993818272415, -0.2912571014384993]
25.0
[[5, 14, 8, 7, 11], 0.6113457392722292, 3.260014233313628, 1]
0.2717794268109942
0.27159431976176496
0.23187937485341228
0.23248466999117604
0.18279541360426688
0.18559386018967058
0.20443993318308523
0.20502192132288521
[0.2717794268109942, 0.27159431976176496, 0.23187937485341228, 0.23248466999117604, 0.18279541360426688, 0.18559386018967058, 0.20443993318308523, 0.20502192132288521]
25.0
[100.0, 75.0, 75.0, 75.0, 75.0, 75.0, 75.0, 75.0, 75.0, 75.0]
Individuo migliore: [[15, 11, 5, 2, 10], -3.044265056666846, -0.87205343592675, 0] with fitness (100.0,)

Valore minimo della fitness: 0.0

Media della fitness: 45.5

Valore massimo della fitness: (100.0,)

OR experiment end in 0 and 1054.2332286834717 second 
Best Individual [[15, 11, 5, 2, 10], -3.044265056666846, -0.87205343592675, 0] with fitness : (100.0,)
