Seme della rete:  6
Selected a CC with 1979 nanowires
Pin connnection to CCs:
2  2  2  2  
2  2  2  2  
2  2  2  2  
2  2  2  2  
! CHECK THAT ALL THE I/O/C ARE CONNECTED TO THE SAME COMPONENT !
Experiment  OR
Generation of 50 individual, with k top 10, in 100 generation with 0.2 pm
Generazione: 0

[[2, 7, 12, 4, 0], -4.99548285114929, 1.6281856288376764, 1]
-0.07414086189755192
-0.1644440879048136
-0.16983651371947373
-0.2228372533791288
-0.3420035626358563
-0.34933432816203647
-0.28649453071371606
-0.29018920156163763
[-0.07414086189755192, -0.1644440879048136, -0.16983651371947373, -0.2228372533791288, -0.3420035626358563, -0.34933432816203647, -0.28649453071371606, -0.29018920156163763]
25.0
[[11, 5, 12, 0, 4], -0.11158728585276911, -3.0189307980369904, 1]
-0.02846427707964759
-0.02854584458216376
-0.02314837694337943
-0.023144645471910304
-0.016167395209725325
-0.016220306323894568
-0.030220419792618747
-0.03029913305147965
[-0.02846427707964759, -0.02854584458216376, -0.02314837694337943, -0.023144645471910304, -0.016167395209725325, -0.016220306323894568, -0.030220419792618747, -0.03029913305147965]
75.0
[[3, 15, 9, 8, 11], 3.051240498489733, -2.3447894556149795, 0]
1.622586851916755
1.6222581472462096
1.3330478386166047
1.2164361910012185
1.42971746786538
1.4097650446596386
0.8385791394621316
1.3058588112416438
[1.622586851916755, 1.6222581472462096, 1.3330478386166047, 1.2164361910012185, 1.42971746786538, 1.4097650446596386, 0.8385791394621316, 1.3058588112416438]
25.0
[[13, 5, 1, 14, 6], 3.0478151329224303, -0.547875858871568, 0]
1.4314877438752247
1.432165491661759
0.9702854244457908
1.1491082665193002
1.1009361543059215
1.1801244742587425
1.0169007681156148
1.2178998036958206
[1.4314877438752247, 1.432165491661759, 0.9702854244457908, 1.1491082665193002, 1.1009361543059215, 1.1801244742587425, 1.0169007681156148, 1.2178998036958206]
25.0
[[6, 11, 10, 12, 4], -4.0244907176961755, -4.543169022458063, 0]
-0.10268433611905987
-0.24681862615833922
-0.32496651595079606
-0.3593517905612708
-0.4411508875055159
-0.46064933880409553
-0.5396169630344184
-0.5424071969865837
[-0.10268433611905987, -0.24681862615833922, -0.32496651595079606, -0.3593517905612708, -0.4411508875055159, -0.46064933880409553, -0.5396169630344184, -0.5424071969865837]
25.0
[[11, 7, 13, 3, 8], 0.7588279727527345, 4.7003254814379165, 0]
0.11124373038489759
0.11180364948305758
0.06552000473940081
0.06599887488539935
0.08758878406149258
0.08787033597972863
0.07678344284635347
0.07750101631415904
[0.11124373038489759, 0.11180364948305758, 0.06552000473940081, 0.06599887488539935, 0.08758878406149258, 0.08787033597972863, 0.07678344284635347, 0.07750101631415904]
75.0
[[11, 3, 9, 6, 4], -1.4262038030358601, -3.8041532717878033, 0]
-0.059894560666561986
-0.06536998846498852
-0.17773798501353427
-0.17949273553473477
-0.13908902480239307
-0.14224349133585087
-0.29285889727949177
-0.2911925982573616
[-0.059894560666561986, -0.06536998846498852, -0.17773798501353427, -0.17949273553473477, -0.13908902480239307, -0.14224349133585087, -0.29285889727949177, -0.2911925982573616]
25.0
[[3, 9, 10, 4, 12], 2.190033361034402, -1.2019329902720246, 0]
1.2080191124175408
1.1985380821914569
0.464996616891885
0.9236646581940844
1.2391391204196895
1.2333929839109143
0.7997734193325405
0.8573006734875729
[1.2080191124175408, 1.1985380821914569, 0.464996616891885, 0.9236646581940844, 1.2391391204196895, 1.2333929839109143, 0.7997734193325405, 0.8573006734875729]
25.0
[[4, 9, 3, 11, 8], -4.874773011449973, 2.7805750943081673, 0]
-2.587770113566325
-2.4999128492998466
-2.453832055771311
-2.4429218112148536
-2.2486427159191487
-2.287776485724203
-2.3541389369966965
-2.3508390139985234
[-2.587770113566325, -2.4999128492998466, -2.453832055771311, -2.4429218112148536, -2.2486427159191487, -2.287776485724203, -2.3541389369966965, -2.3508390139985234]
75.0
[[10, 8, 15, 9, 12], -1.9387547392672189, -1.2259520197381213, 1]
-0.7068874069791018
-1.2445788470029397
-1.3205777905066844
-1.3097181839469434
-1.076025282196233
-1.1450891378108525
-1.3036710225180994
-1.2935342915940051
[-0.7068874069791018, -1.2445788470029397, -1.3205777905066844, -1.3097181839469434, -1.076025282196233, -1.1450891378108525, -1.3036710225180994, -1.2935342915940051]
25.0
[[9, 2, 10, 7, 0], -3.146510614239525, 0.9392996688420343, 1]
-1.1253648503228821
-1.5967726353944267
-1.5493330317036893
-1.489119402085513
-1.6156655459579465
-1.5911270421977055
-1.7023785255084378
-1.6907425415650101
[-1.1253648503228821, -1.5967726353944267, -1.5493330317036893, -1.489119402085513, -1.6156655459579465, -1.5911270421977055, -1.7023785255084378, -1.6907425415650101]
25.0
[[3, 7, 15, 12, 1], 3.9225699456916328, 1.7021711074169756, 1]
1.2843493435100701
1.2881852673100953
1.0986017204614158
1.1228815971715693
0.8806989709479489
1.0818726887455445
0.2889756875227222
0.9730469656058166
[1.2843493435100701, 1.2881852673100953, 1.0986017204614158, 1.1228815971715693, 0.8806989709479489, 1.0818726887455445, 0.2889756875227222, 0.9730469656058166]
25.0
[[14, 12, 13, 6, 1], 0.16686666208660483, -0.2907019627495302, 1]
0.02126930594804359
0.021326044577857986
0.02457225337759313
0.02463024228590108
0.021271897192569174
0.021345402440454783
0.020418873332588416
0.020470230871391527
[0.02126930594804359, 0.021326044577857986, 0.02457225337759313, 0.02463024228590108, 0.021271897192569174, 0.021345402440454783, 0.020418873332588416, 0.020470230871391527]
75.0
[[2, 3, 11, 10, 4], -0.486418270493747, 2.226273326875959, 0]
-0.02215886557419654
-0.02229514804486627
-0.021327128225747446
-0.021428197652785454
-0.026629681648877933
-0.026728540879911042
-0.026439026981645703
-0.02656414584713326
[-0.02215886557419654, -0.02229514804486627, -0.021327128225747446, -0.021428197652785454, -0.026629681648877933, -0.026728540879911042, -0.026439026981645703, -0.02656414584713326]
75.0
[[0, 15, 8, 1, 4], 0.8941556365622629, -1.3895087549418905, 1]
0.022517127946825602
0.022639645967098374
0.007138773632238832
0.007207957409644413
0.002932922813720224
0.0030024444972392888
0.012082755338998646
0.01221449116884234
[0.022517127946825602, 0.022639645967098374, 0.007138773632238832, 0.007207957409644413, 0.002932922813720224, 0.0030024444972392888, 0.012082755338998646, 0.01221449116884234]
75.0
[[14, 5, 8, 4, 6], 4.269299125618776, -0.7825710913406949, 1]
2.4649778195294645
2.432384799042473
2.3701518315122856
2.3121747737984637
2.490615622844001
2.440508568449312
2.247985189060349
2.404975944723524
[2.4649778195294645, 2.432384799042473, 2.3701518315122856, 2.3121747737984637, 2.490615622844001, 2.440508568449312, 2.247985189060349, 2.404975944723524]
75.0
[[8, 9, 7, 10, 13], -0.07977886928729738, 2.212748928180196, 1]
-0.02223463352760694
-0.022259125169313502
-0.02429223217822631
-0.024309360338637606
-0.02456714380280133
-0.024582850129474733
-0.02343731296534918
-0.02345107940603997
[-0.02223463352760694, -0.022259125169313502, -0.02429223217822631, -0.024309360338637606, -0.02456714380280133, -0.024582850129474733, -0.02343731296534918, -0.02345107940603997]
25.0
[[9, 10, 12, 7, 5], -1.335229750033978, -3.369689213427449, 1]
-0.38929588225939665
-0.39264517636729135
-0.18998012502218262
-0.2063631930502092
-0.551800083412788
-0.5383128719067402
-0.5990898243390668
-0.5984923525170782
[-0.38929588225939665, -0.39264517636729135, -0.18998012502218262, -0.2063631930502092, -0.551800083412788, -0.5383128719067402, -0.5990898243390668, -0.5984923525170782]
75.0
[[8, 5, 10, 6, 7], 2.293056383240149, -3.4181281226417157, 1]
0.32106130463400845
0.32090241906202593
0.4613339771138793
0.4727758345403329
0.20533794542090533
0.2318730291599136
0.12602298235382903
0.1807554002610794
[0.32106130463400845, 0.32090241906202593, 0.4613339771138793, 0.4727758345403329, 0.20533794542090533, 0.2318730291599136, 0.12602298235382903, 0.1807554002610794]
75.0
[[0, 9, 7, 15, 2], -4.698873414847139, 2.7357288874514385, 0]
-1.0005592794748885
-1.1771640354015211
-0.6862014512568378
-0.7145954802194486
-0.6975375442700766
-0.7322435781861735
-1.3272884494368056
-1.3240206729470394
[-1.0005592794748885, -1.1771640354015211, -0.6862014512568378, -0.7145954802194486, -0.6975375442700766, -0.7322435781861735, -1.3272884494368056, -1.3240206729470394]
75.0
[[11, 5, 7, 9, 0], 4.192736386703821, -3.4561167696571804, 1]
2.626760792702819
2.430914726178291
2.5024268817586237
2.4902463507177086
2.425211623306678
2.4046458399799104
2.2269262881285554
2.368315924186877
[2.626760792702819, 2.430914726178291, 2.5024268817586237, 2.4902463507177086, 2.425211623306678, 2.4046458399799104, 2.2269262881285554, 2.368315924186877]
75.0
[[0, 6, 12, 13, 8], -0.08305973739778416, -0.31100874900321873, 0]
-0.006707576949746561
-0.00673731571050335
-0.0032369954560163175
-0.0032556942637649708
-0.0035542441068513748
-0.003573068082575886
-0.007149651999537722
-0.007176767191467743
[-0.006707576949746561, -0.00673731571050335, -0.0032369954560163175, -0.0032556942637649708, -0.0035542441068513748, -0.003573068082575886, -0.007149651999537722, -0.007176767191467743]
25.0
[[11, 5, 2, 10, 12], -2.5663993800744302, -1.8167435270342027, 0]
-0.26276010455688587
-0.7628348721106828
-0.9152712003086786
-0.9100980512918518
-0.9489894480049533
-1.0741630704357632
-1.0484414718394333
-1.020947891257237
[-0.26276010455688587, -0.7628348721106828, -0.9152712003086786, -0.9100980512918518, -0.9489894480049533, -1.0741630704357632, -1.0484414718394333, -1.020947891257237]
25.0
[[3, 11, 1, 0, 10], -0.2212430937056773, 2.240948744087323, 0]
-0.11617029120443195
-0.11604541387614291
-0.05907653465621406
-0.059279727096703025
-0.05219050572460958
-0.052381381917950526
-0.11838938523877726
-0.11827239926932262
[-0.11617029120443195, -0.11604541387614291, -0.05907653465621406, -0.059279727096703025, -0.05219050572460958, -0.052381381917950526, -0.11838938523877726, -0.11827239926932262]
75.0
[[0, 11, 8, 2, 9], 3.326633343412233, -4.16456422499876, 1]
1.001692045535179
0.998916512246922
0.8068437958842428
0.7984588859752236
0.29769039802276354
0.3055181780309586
0.2888625596145987
0.35482337711580714
[1.001692045535179, 0.998916512246922, 0.8068437958842428, 0.7984588859752236, 0.29769039802276354, 0.3055181780309586, 0.2888625596145987, 0.35482337711580714]
75.0
[[14, 7, 11, 0, 10], -3.629279895257276, 4.434018223642859, 1]
-0.27954800926821477
-0.7502431455312203
-0.2459368269918119
-0.5682971610000228
-0.6401309301528064
-0.6552831425840072
-1.0469151296127754
-1.047800610289826
[-0.27954800926821477, -0.7502431455312203, -0.2459368269918119, -0.5682971610000228, -0.6401309301528064, -0.6552831425840072, -1.0469151296127754, -1.047800610289826]
25.0
[[15, 12, 7, 13, 8], -2.23592933435501, 2.124788208255114, 0]
-0.6195417024468258
-0.6901264382020177
-1.2645925636897992
-1.2556071210180269
-0.9954504176047864
-0.9908289745674269
-1.3928336291228214
-1.3751471106017434
[-0.6195417024468258, -0.6901264382020177, -1.2645925636897992, -1.2556071210180269, -0.9954504176047864, -0.9908289745674269, -1.3928336291228214, -1.3751471106017434]
75.0
[[9, 5, 4, 14, 0], -4.163182414888934, 3.5807878729540015, 1]
-0.7835078941669179
-1.721720886201367
-1.5989546392776504
-1.5422913996431302
-1.0745534113265935
-1.125963681143941
-1.3899768124656637
-1.3924408379852289
[-0.7835078941669179, -1.721720886201367, -1.5989546392776504, -1.5422913996431302, -1.0745534113265935, -1.125963681143941, -1.3899768124656637, -1.3924408379852289]
25.0
[[8, 7, 6, 14, 5], -4.680868781076095, -4.143565725566759, 0]
-0.4661156867320032
-0.9375708032077459
-0.7226965750680845
-0.7346892236607397
-0.627094802738238
-0.6785302062315535
-1.0784789790589207
-1.0770414832031505
[-0.4661156867320032, -0.9375708032077459, -0.7226965750680845, -0.7346892236607397, -0.627094802738238, -0.6785302062315535, -1.0784789790589207, -1.0770414832031505]
25.0
[[1, 11, 2, 5, 12], -4.680364649588923, 4.51894938893915, 0]
-0.9575341315481168
-0.9832308834570307
-1.427573133995338
-1.396822345520073
-1.559946656766395
-1.5193329350300913
-1.4455830166593522
-1.4181451935062233
[-0.9575341315481168, -0.9832308834570307, -1.427573133995338, -1.396822345520073, -1.559946656766395, -1.5193329350300913, -1.4455830166593522, -1.4181451935062233]
75.0
[[13, 5, 1, 2, 11], 1.7581988211002209, -1.0034714231546573, 0]
0.4686028394249457
0.4709949273443228
0.3750587694214679
0.39221122958168025
0.35361923016428004
0.3574219760394387
0.2740001451009225
0.28536526284376335
[0.4686028394249457, 0.4709949273443228, 0.3750587694214679, 0.39221122958168025, 0.35361923016428004, 0.3574219760394387, 0.2740001451009225, 0.28536526284376335]
25.0
[[14, 11, 7, 10, 1], -3.7194862906656367, -1.4959824442664669, 0]
-0.15699963524440744
-0.2947969275258375
-0.6055129543035822
-0.6359311554740358
-0.4411042946620003
-0.5477670243599488
-0.8065501744231377
-0.7988863410945478
[-0.15699963524440744, -0.2947969275258375, -0.6055129543035822, -0.6359311554740358, -0.4411042946620003, -0.5477670243599488, -0.8065501744231377, -0.7988863410945478]
25.0
[[5, 8, 11, 2, 12], -2.182939444557146, -3.4899829695134765, 1]
-1.6082599128395465
-1.612451729812956
-1.324872480600648
-1.4192242455958886
-1.6425873829492752
-1.639015925785361
-1.6287812848474894
-1.6292672229277263
[-1.6082599128395465, -1.612451729812956, -1.324872480600648, -1.4192242455958886, -1.6425873829492752, -1.639015925785361, -1.6287812848474894, -1.6292672229277263]
75.0
[[7, 3, 11, 9, 13], 4.1058038268873, -0.8086890957611645, 0]
0.17905984608709735
0.18316892396064396
0.5150127343331546
0.4623791553157144
0.150135721574831
0.158808944529122
0.052554115483830044
0.13355239290328208
[0.17905984608709735, 0.18316892396064396, 0.5150127343331546, 0.4623791553157144, 0.150135721574831, 0.158808944529122, 0.052554115483830044, 0.13355239290328208]
25.0
[[10, 3, 8, 9, 0], 2.8641816828463185, 0.6891536255691548, 0]
0.880258499804128
0.879435683413816
0.5161705780475029
0.5226710364137493
0.4850419923376812
0.49367705862769096
0.4475012238670363
0.5104461249170741
[0.880258499804128, 0.879435683413816, 0.5161705780475029, 0.5226710364137493, 0.4850419923376812, 0.49367705862769096, 0.4475012238670363, 0.5104461249170741]
100.0
[[10, 13, 6, 8, 7], -4.903255820459783, 3.4487016497195153, 0]
-0.2769581663965685
-0.3901146486322475
-0.30720052734751335
-0.3152741610498673
-0.1928608873766509
-0.2207368082806336
-0.6117914813217618
-0.5888911987622619
[-0.2769581663965685, -0.3901146486322475, -0.30720052734751335, -0.3152741610498673, -0.1928608873766509, -0.2207368082806336, -0.6117914813217618, -0.5888911987622619]
75.0
[[7, 10, 8, 12, 11], -1.2777595019415342, 1.665593399491124, 0]
-0.592685808591003
-0.5922790600756614
-0.49358389301090155
-0.499989715345261
-0.35197687039455866
-0.36203309427061714
-0.627761212501784
-0.627430677460248
[-0.592685808591003, -0.5922790600756614, -0.49358389301090155, -0.499989715345261, -0.35197687039455866, -0.36203309427061714, -0.627761212501784, -0.627430677460248]
75.0
[[5, 11, 10, 2, 6], -4.257249753097651, -4.8774684190845905, 1]
-0.322479658722964
-0.5974155675495884
-1.1187644552228233
-0.9553784857020909
-0.9799485778380667
-0.9434372330507881
-1.2141866805419799
-1.1228156725466714
[-0.322479658722964, -0.5974155675495884, -1.1187644552228233, -0.9553784857020909, -0.9799485778380667, -0.9434372330507881, -1.2141866805419799, -1.1228156725466714]
75.0
[[1, 15, 10, 11, 8], -3.9985372369191996, -1.3238460871860647, 0]
-0.23437263967706798
-0.3008656110437692
-0.08272229957950764
-0.09971872119748215
-0.2877041668544378
-0.2619287036953269
-0.6152645788183725
-0.5840137824106549
[-0.23437263967706798, -0.3008656110437692, -0.08272229957950764, -0.09971872119748215, -0.2877041668544378, -0.2619287036953269, -0.6152645788183725, -0.5840137824106549]
25.0
[[1, 8, 3, 12, 6], -2.7442171600726195, 0.653065792298527, 1]
-0.44821702443503697
-0.5827058835634813
-0.3578502627082246
-0.36126454903486627
-0.22609487004576656
-0.2364759012120566
-0.7901770925260106
-0.784843140244847
[-0.44821702443503697, -0.5827058835634813, -0.3578502627082246, -0.36126454903486627, -0.22609487004576656, -0.2364759012120566, -0.7901770925260106, -0.784843140244847]
25.0
[[2, 7, 1, 11, 9], 3.642229516715437, -3.313879527617647, 1]
0.9612146356831863
0.6979865584421268
0.4818393128071461
0.5088857860312163
0.5906131515378691
0.6006533178029472
0.299855723303625
0.37679809190459956
[0.9612146356831863, 0.6979865584421268, 0.4818393128071461, 0.5088857860312163, 0.5906131515378691, 0.6006533178029472, 0.299855723303625, 0.37679809190459956]
75.0
[[3, 1, 11, 2, 0], 1.8395948350281133, -4.696121308944132, 1]
1.285446436953225
1.2726524170698752
1.2388143511664185
1.2300190704440221
1.0837187674785644
1.0810045113632532
0.7712555691012608
0.8882268803318393
[1.285446436953225, 1.2726524170698752, 1.2388143511664185, 1.2300190704440221, 1.0837187674785644, 1.0810045113632532, 0.7712555691012608, 0.8882268803318393]
75.0
[[9, 4, 7, 3, 12], 3.158152688985311, 1.5427969976373745, 0]
1.1761244102917197
1.1750464102897296
0.41006283158041207
0.5190596231927768
1.1148061706108452
1.1137044118139245
0.6451902371386365
0.8853296040344534
[1.1761244102917197, 1.1750464102897296, 0.41006283158041207, 0.5190596231927768, 1.1148061706108452, 1.1137044118139245, 0.6451902371386365, 0.8853296040344534]
75.0
[[8, 9, 0, 4, 15], 2.905351350593513, 2.4477487037946135, 1]
1.4977660409468423
1.4989180640679962
0.9931139867242118
1.3310286785119405
1.378775442978874
1.3824456177224003
1.1756356372208299
1.4698253858643795
[1.4977660409468423, 1.4989180640679962, 0.9931139867242118, 1.3310286785119405, 1.378775442978874, 1.3824456177224003, 1.1756356372208299, 1.4698253858643795]
25.0
[[2, 9, 14, 10, 0], -1.3794996315881267, 1.9129666028260708, 0]
-0.17437513821725723
-0.2044566293431569
-0.2759680429604739
-0.2789989379292424
-0.4113289570221358
-0.41131425333200866
-0.4222079919060455
-0.42205283762658474
[-0.17437513821725723, -0.2044566293431569, -0.2759680429604739, -0.2789989379292424, -0.4113289570221358, -0.41131425333200866, -0.4222079919060455, -0.42205283762658474]
75.0
[[0, 5, 11, 14, 6], 1.8567877138007214, 4.711947742979996, 1]
0.8506685592247193
0.8508001107845294
0.5785638961072007
0.5854694552976788
0.4732013068765948
0.5116892927138711
0.7660403392970114
0.7675365430716553
[0.8506685592247193, 0.8508001107845294, 0.5785638961072007, 0.5854694552976788, 0.4732013068765948, 0.5116892927138711, 0.7660403392970114, 0.7675365430716553]
25.0
[[4, 0, 14, 5, 1], -0.1506099102958789, -0.3636998811117369, 1]
-0.050034612031938645
-0.04995060429899031
-0.05204442260128237
-0.05201337846533584
-0.047666067493008224
-0.04767256480972325
-0.0535924719258507
-0.05348125875674091
[-0.050034612031938645, -0.04995060429899031, -0.05204442260128237, -0.05201337846533584, -0.047666067493008224, -0.04767256480972325, -0.0535924719258507, -0.05348125875674091]
75.0
[[2, 10, 9, 13, 4], -2.6978030702188684, -3.740663199185094, 0]
-0.24287310475445736
-0.383267098804851
-0.34335162580732115
-0.3614186713788773
-0.3967401756798199
-0.41693242836254857
-0.632959995557297
-0.6334488107309233
[-0.24287310475445736, -0.383267098804851, -0.34335162580732115, -0.3614186713788773, -0.3967401756798199, -0.41693242836254857, -0.632959995557297, -0.6334488107309233]
25.0
[[7, 10, 6, 9, 13], 0.6354391215420643, 1.268695654760993, 1]
0.2727870196026606
0.27265303035866295
0.25137796431584336
0.25105992839360863
0.13253066222143567
0.13731702351563863
0.1574834391318885
0.15853521138441687
[0.2727870196026606, 0.27265303035866295, 0.25137796431584336, 0.25105992839360863, 0.13253066222143567, 0.13731702351563863, 0.1574834391318885, 0.15853521138441687]
25.0
[[8, 4, 2, 14, 0], -3.0746855767022954, -0.5158016007597226, 0]
-1.4842274571980902
-1.6164945386430503
-1.595187429773406
-1.602903015825104
-1.4150222682910363
-1.5715155353694163
-1.601261730365019
-1.6043507176956875
[-1.4842274571980902, -1.6164945386430503, -1.595187429773406, -1.602903015825104, -1.4150222682910363, -1.5715155353694163, -1.601261730365019, -1.6043507176956875]
75.0
[100.0, 75.0, 75.0, 75.0, 75.0, 75.0, 75.0, 75.0, 75.0, 75.0]
Individuo migliore: [[10, 3, 8, 9, 0], 2.8641816828463185, 0.6891536255691548, 0] with fitness (100.0,)

Valore minimo della fitness: 25.0

Media della fitness: 51.5

Valore massimo della fitness: (100.0,)

OR experiment end in 0 and 1048.0092988014221 second 
Best Individual [[10, 3, 8, 9, 0], 2.8641816828463185, 0.6891536255691548, 0] with fitness : (100.0,)
