Seme della rete:  1
Selected a CC with 1980 nanowires
Pin connnection to CCs:
1  1  1  1  
1  1  1  1  
1  1  1  1  
1  1  1  1  
! CHECK THAT ALL THE I/O/C ARE CONNECTED TO THE SAME COMPONENT !
Experiment  XOR
Generation of 50 individual, with k top 10, in 100 generation with 0.2 pm
Generazione: 0

[[4, 9, 13, 12, 1], -2.449309742605783, -0.04564912908059071, 1]
[-0.8023485323047895, -0.8146824065820697, -0.5952871883126873, -0.6045572947492708, -0.6496620423499931, -0.693041710186807, -0.8267469699346581, -0.8276688959983334]
50.0
[[15, 10, 6, 12, 3], -4.0614041322576515, -4.716525234779937, 1]
[-0.3707423289668613, -0.862345084357994, -0.5633891915829032, -0.5900726201346524, -0.42261922645725714, -0.4885976395933155, -0.7384548588547865, -0.7427905156087834]
50.0
[[13, 9, 12, 15, 0], 1.9583286676844347, -2.336694395427404, 0]
[1.1805364619971421, 1.179575210844126, 0.305146654840091, 0.8262904729016427, 1.166321206558167, 1.1645358345863024, 0.9994010713991551, 1.0065802073971168]
50.0
[[3, 14, 5, 0, 12], -4.745541390065392, 0.4141247279349658, 1]
[-1.318291887847607, -1.8667244040476683, -1.7943354423972144, -1.789754123376113, -2.272452093112005, -2.2580768577520645, -2.2251819570773037, -2.2106407048619836]
50.0
[[6, 15, 11, 0, 8], -2.7830833372696495, -0.6211240634942792, 1]
[-0.1643176657102513, -0.17747587695798062, -0.3824803910953627, -0.37995613031014486, -0.20867966438146565, -0.2162603056087957, -0.40021268442250246, -0.4018241516039643]
50.0
[[7, 5, 3, 10, 13], 2.609477375418205, 4.522444552911937, 0]
[1.1605541184045152, 1.1110636815873407, 0.8088072671159687, 0.8241354769625274, 1.0465428979038238, 1.0363649883155472, 0.3880822841387125, 0.5987546652969978]
50.0
[[13, 15, 8, 10, 1], -3.140937341052823, 4.9254341217606505, 1]
[-0.10806055227567338, -0.1661692782931568, -0.2893896227826634, -0.29683536160144575, -0.47191877179400665, -0.46196781008046794, -0.45369835920962376, -0.4519893690786621]
50.0
[[3, 11, 5, 14, 12], 0.007997001442356044, 4.672102736093626, 0]
[0.000626093953533121, 0.0006300442268672308, 0.00023585827176656761, 0.00023753085945823053, 0.00024244362517114015, 0.00024412497018040663, 0.0006221737605159204, 0.0006261228440952938]
50.0
[[9, 4, 15, 7, 8], -1.0664637693016044, 3.5328795041535663, 1]
[-0.5131243439693264, -0.5128451485832435, -0.4981569088576103, -0.49797019589872404, -0.39286703272527007, -0.39311846169106685, -0.519051374842507, -0.5189807982668377]
50.0
[[7, 11, 12, 6, 13], 1.6474352160846735, -1.3287616857291198, 1]
[0.5267509186652605, 0.5260191160695799, 0.3659317645786352, 0.3692057701716351, 0.15174651476921203, 0.429561431574081, 0.146337104181087, 0.17212985927858085]
50.0
[[2, 7, 10, 8, 1], 2.784426150001458, 0.20938417613145166, 1]
[0.22919302108900688, 0.2307584987054678, 0.17274652398685625, 0.17849324281359558, 0.13025808532358485, 0.14247431923323325, 0.06889429171570485, 0.07910352957111594]
25.0
[[11, 7, 15, 0, 14], -4.5651270964347255, 2.0338208860383595, 1]
[-0.3244126410197454, -0.5172691972621928, -0.4042766646046638, -0.41281357924877143, -0.44151118865810823, -0.45665440748257957, -0.6352709033775112, -0.6392791961849597]
50.0
[[5, 2, 8, 3, 0], 2.7052313983080056, 0.3961744844977879, 0]
[0.9577976465774085, 0.9472311670560916, 0.3777537671822184, 0.4075026406500317, 0.5199769474325784, 0.5249098101354672, 0.6177909850516969, 0.8146001916580639]
75.0
[[12, 8, 5, 9, 13], -0.4086826808933166, -2.307205225585788, 0]
[-0.07808514040199181, -0.07823342103195104, -0.06172630616773585, -0.06197936426142883, -0.049694888887785456, -0.050061213302308984, -0.09673541226320952, -0.09686024148596974]
50.0
[[12, 15, 13, 11, 8], 3.091399008724796, 0.18678283523002026, 0]
[0.6103520325681295, 0.49050999612417484, 0.4326193615549525, 0.37569276049404027, 0.07809192411556277, 0.08829306336297721, 0.11378766678402961, 0.14453318660333475]
50.0
[[13, 0, 7, 5, 9], 0.5440119057774107, 4.410135113054549, 1]
[0.046759086011968674, 0.04694106799578742, 0.014980551496035577, 0.015807802840548647, 0.03441365060702779, 0.03470014489735173, 0.02028575087515528, 0.020520007334387625]
50.0
[[15, 13, 5, 6, 14], -4.984152500444741, 0.40109557088385817, 1]
[-2.2647424566699734, -2.289285814638655, -1.9057033081623673, -2.2843481193684267, -2.4366081500101457, -2.408316575809604, -2.2497176600475477, -2.253649983287435]
50.0
[[14, 9, 0, 12, 3], 1.353710903019552, 0.5075626510725071, 0]
[0.550195188068927, 0.5503456562899304, 0.3090499786642319, 0.3111192096771228, 0.1983792620858012, 0.212900334167291, 0.5474361654532702, 0.5474789312162054]
100.0
[[2, 12, 8, 14, 4], -4.675408688057599, 4.435702537977214, 0]
[-0.0922074701397339, -0.17207833909363687, -0.04976610691290083, -0.07891803155243554, -0.1228617497848609, -0.12489868912767176, -0.18348704708398622, -0.18645168571036444]
50.0
[[2, 13, 0, 7, 14], 2.541452851562706, -2.1880332194597107, 1]
[1.8201785690566323, 1.8162375927912993, 1.6408399551494237, 1.6409029396185393, 1.753096454337206, 1.7507928995453033, 1.1944308438775106, 1.5282297014570543]
50.0
[[3, 12, 9, 2, 5], -2.0971567876998054, -3.325296926526314, 1]
[-0.08493707346312525, -0.08671003023038569, -0.03253607778137801, -0.03588660565083481, -0.09501386875558718, -0.09596589584431583, -0.119280143950737, -0.12040261686380808]
50.0
[[5, 10, 4, 14, 11], -2.055072229005276, 2.0262555272878524, 1]
[-0.5045288199102554, -0.6534914738615634, -1.0509631521365606, -1.0448199670210923, -0.5350449781687254, -0.637667069414598, -1.0072647710271505, -1.0052788933990928]
50.0
[[15, 1, 0, 4, 6], -1.5665752872140204, 2.9620301118522363, 1]
[-0.4646864184075371, -0.46838544817071465, -0.4716383320011342, -0.47612922287942533, -0.2728961862225251, -0.5086726722166964, -0.7177585403133813, -0.7170284561032942]
50.0
[[3, 4, 11, 8, 15], 4.655635178509998, -0.6834445285022515, 0]
[0.6140293739379616, 0.5862180419904138, 0.31523406510965435, 0.31990532449300857, 0.42283009433036767, 0.42412095115190224, 0.2716528287980384, 0.30009172820488156]
50.0
[[7, 0, 6, 2, 14], 2.1883547276178987, -3.3977240737029533, 1]
[0.4819418011877905, 0.48191031221649094, 0.3101588985618773, 0.31162417999960024, 0.06828886773549876, 0.13375630471764674, 0.25545019590805246, 0.2948067448713287]
50.0
[[7, 10, 12, 11, 8], -0.4915497285726831, 0.2389543986697804, 0]
[-0.1973823135937812, -0.19729421093647967, -0.0551751333915595, -0.05839957637795166, -0.10095915689295874, -0.10163693117468121, -0.21963289916001705, -0.21957698479073812]
50.0
[[12, 10, 9, 15, 5], 1.5982389175107965, -0.7370062128614556, 1]
[0.6503896565082142, 0.6502325240661273, 0.42651345779471705, 0.43054210136531806, 0.6161133715544531, 0.6159243233959038, 0.5233930275361197, 0.5263481280689501]
50.0
[[4, 3, 0, 15, 1], 3.5851440635655933, -1.8963637264686595, 1]
[1.4417891049143945, 1.440537931802715, 1.099804841225059, 0.8015324826913226, 1.0951923206825158, 1.0910178743442513, 0.6617307788220015, 0.9474599595794547]
50.0
[[5, 6, 9, 4, 2], -4.915197375363311, 3.7871789820884665, 0]
[-2.740802671253749, -3.0853006291543834, -3.024203888836607, -2.8986989236116187, -3.15803612632024, -3.1059555395031753, -3.010000952024786, -3.002533827045707]
50.0
[[6, 14, 9, 7, 2], 3.2791315665677985, 3.6988642792236224, 0]
[0.14183931994227492, 0.14379288140788166, 0.09421853185700309, 0.09679808815856485, 0.09738661212763008, 0.1012865656093404, 0.03760355925248347, 0.05988418175108609]
50.0
[[12, 3, 5, 1, 14], 0.733827030223086, 3.9656574601642873, 0]
[0.18343756305480555, 0.1832564858353545, 0.09161327458196207, 0.09206432492954617, 0.05174050992638274, 0.05222630714993109, 0.13742540950898824, 0.13726510841361458]
50.0
[[15, 1, 10, 6, 4], 0.04107367245852345, -4.82799803276765, 1]
[0.013575714462457712, 0.013519480795549363, 0.010036277789020455, 0.009997299988909568, 0.009571217361548296, 0.009534531577023758, 0.013243218730987378, 0.013186784928473014]
50.0
[[9, 0, 2, 3, 5], 3.111390619505176, 0.6334053563103357, 0]
[0.9404616484866559, 0.94134838511182, 0.3785622291208895, 0.4005790656652356, 0.5865305920506199, 0.6003706925201872, 0.4303895095997008, 0.5321831103081437]
75.0
[[10, 6, 3, 4, 15], -4.035948974065403, -1.2076629003742734, 1]
[-0.5243035583284176, -1.149753724752231, -0.79685282148621, -0.9889302896366109, -1.3932753517345018, -1.4506679380344791, -1.5767818975726142, -1.5384477900859326]
50.0
[[15, 12, 8, 3, 1], 2.2546518624127243, -4.153197695835158, 0]
[0.061471015906215704, 0.06256650857679036, 0.012745451561307016, 0.04010895763460001, 0.05681032426163509, 0.057912955827114074, 0.06291593017396506, 0.06454909178652582]
50.0
[[5, 14, 8, 3, 4], 2.5911618271644024, 1.0020883013224955, 1]
[0.18856263583957003, 0.18938625106387505, 0.0660679139088944, 0.06730389148401762, 0.05225678675070922, 0.05340571158500738, 0.0667828574740227, 0.0726057024245169]
50.0
[[11, 5, 14, 1, 4], -2.648104886157825, 4.4399489912377685, 1]
[-0.6819523789176206, -1.1124219412698466, -1.2957771991292648, -1.2969931152508445, -1.5431077711674066, -1.53558147014863, -1.7481165950349185, -1.6477303939720147]
50.0
[[4, 9, 8, 12, 1], -1.7927404463933563, -0.934010738641514, 1]
[-0.653037125205275, -0.653106006586357, -0.17726361585682401, -0.43687775317442457, -0.4070621471008158, -0.41504255034172766, -0.5710639207664887, -0.5723635589318505]
50.0
[[4, 13, 2, 5, 1], 1.1518603255903663, 2.819036016327548, 1]
[0.025968729986941136, 0.02619370246994587, 0.014384550306404982, 0.014699519523751625, 0.021718952565586137, 0.021980115584345927, 0.008217620009840344, 0.008398467492598902]
50.0
[[2, 9, 8, 3, 14], -4.182567376476063, -2.3327635701826366, 1]
[-0.776700454410349, -2.006272482468109, -1.7633745805972414, -1.8782937586705541, -1.7383540345841462, -1.7518538055450164, -1.8630945877424867, -1.870166694718321]
50.0
[[3, 7, 4, 1, 0], 3.2776815664572965, -4.876182555133334, 0]
[0.05362369573412694, 0.05471661139334961, 0.10541689660041123, 0.15334289828526446, 0.08387829445409133, 0.08683118814095835, 0.01638328956038121, 0.03797588133415326]
50.0
[[2, 6, 1, 12, 0], -3.1207790792261547, 2.8551213434456653, 1]
[-0.498738005945457, -0.6832937968100269, -0.684757872764483, -0.734535327169103, -0.8655660978117725, -0.8749645234879097, -1.0679791383692279, -1.0337795355042418]
50.0
[[5, 1, 7, 2, 10], -2.585797149021569, 2.4400641653700834, 0]
[-0.0781763651900036, -0.15613097417169547, -0.28298962833710817, -0.2659801889336158, -0.07913240008475499, -0.10130919670761088, -0.3994483913840143, -0.38357670006726285]
50.0
[[13, 14, 6, 12, 8], 4.092227281507112, -2.0597641505145226, 1]
[0.5105473391489841, 0.5154002444545895, 0.38023663512727773, 0.5011574537976109, 0.652576531880721, 0.6186217645167403, 0.09347992852755055, 0.40038171244403037]
50.0
[[15, 5, 1, 3, 10], -1.8258365959212028, -4.72737453799649, 1]
[-0.5665688317851768, -0.572879082037757, -0.6311019053257343, -0.6346000529199154, -0.4563255971207324, -0.5283453255438149, -0.89024567645483, -0.8900177235348871]
50.0
[[10, 7, 6, 5, 13], -4.370352099523547, 4.133920171659405, 1]
[-0.061804653018126925, -0.1677979838459919, -0.23346763887806718, -0.24090309026994333, -0.35305120194131445, -0.3538234758850859, -0.29443727053981583, -0.2982234362601055]
50.0
[[3, 4, 15, 12, 9], 2.779196275767153, 3.912093977847187, 1]
[1.495815242808406, 1.469146632152127, 1.0392078611286761, 1.044322824215281, 1.0802042120145463, 1.0450071051859606, 0.41383279410332424, 0.7960018200839942]
50.0
[[11, 4, 2, 8, 3], -1.9267888218748652, -2.536188039149078, 0]
[-0.05891167732264275, -0.09477719743857506, -0.07752113234987025, -0.07791125986226045, -0.02007734936878639, -0.021915102035878927, -0.2291187341942479, -0.21059898891718823]
50.0
[[8, 1, 12, 7, 14], 1.520105345126705, 1.4346608026984162, 0]
[0.2718188966887454, 0.27334085273467895, 0.09384870454640741, 0.0965587215471206, 0.251288090366105, 0.2525302192755935, 0.11257030431694658, 0.11557147310915213]
50.0
[[12, 4, 0, 5, 2], -1.8326485311439789, 3.4713476582621503, 1]
[-0.0850371093169558, -0.10526044152792009, -0.5075673518903054, -0.49993294191477483, -0.13168828972826685, -0.1875136095275927, -0.3625755633021421, -0.36461913153246267]
50.0
[100.0, 75.0, 75.0, 50.0, 50.0, 50.0, 50.0, 50.0, 50.0, 50.0]
Individuo migliore: [[14, 9, 0, 12, 3], 1.353710903019552, 0.5075626510725071, 0] with fitness (100.0,)

Valore minimo della fitness: (25.0,)

