Individuo: [[14, 9, 0, 12, 3], 1.353710903019552, 0.5075626510725071, 0.0]
reti: [1,3,5,9,10] 
Individuo: [[11, 8, 5, 9, 12], -4.761419208592178, -1.7485707123883998, 0.0]
reti: [2]
Individuo: [[11, 7, 9, 6, 2], -3.044265056666846, -0.87205343592675, 0.0]
reti: [4] 
Individuo: [[15, 12, 13, 2, 6], 4.643706682031013, 0.49932931464642927, 1.0]
reti: [5] 
Individuo: [[10, 3, 8, 14, 0], 2.8641816828463185, 0.6891536255691548, 0.0]
reti: [6] 
Individuo: [[4, 9, 12, 0, 15], -1.4491831226940466, -0.7873600510047218, 1]
reti: [1,2,3,6,7,10]