Seme della rete:  2
Selected a CC with 1974 nanowires
Pin connnection to CCs:
8  0  0  0  
0  0  0  0  
0  0  0  0  
0  0  0  0  
! CHECK THAT ALL THE I/O/C ARE CONNECTED TO THE SAME COMPONENT !
Experiment  OR
Generation of 50 individual, with k top 10, in 100 generation with 0.2 pm
Generazione: 0

[[1, 15, 14, 5, 2], 2.359699890685233, 1.6973040144022091, 1]
0.3698127675560338
0.3701367647035809
0.2253716928677657
0.22751207902249837
0.07354219303548667
0.16708004034454355
0.16352614795091477
0.16846628044232329
[0.3698127675560338, 0.3701367647035809, 0.2253716928677657, 0.22751207902249837, 0.07354219303548667, 0.16708004034454355, 0.16352614795091477, 0.16846628044232329]
25.0
[[8, 9, 3, 14, 0], 0.8120401711200307, -3.4161712974519443, 1]
0.0
0.0
0.0
0.0
0.0
0.0
0.0
0.0
[0.0, 0.0, 0.0, 0.0, 0.0, 0.0, 0.0, 0.0]
75.0
[[12, 15, 11, 8, 5], 0.44177047429320826, -0.5514581127414644, 1]
0.10687151419962398
0.10687181669292103
0.066118619316175
0.06627670553865939
0.045991147840636855
0.04620988429353338
0.09314112350602474
0.09324590304174811
[0.10687151419962398, 0.10687181669292103, 0.066118619316175, 0.06627670553865939, 0.045991147840636855, 0.04620988429353338, 0.09314112350602474, 0.09324590304174811]
75.0
[[1, 13, 0, 5, 7], 4.318465539698684, 4.07750110179297, 1]
1.7668192004118162
1.753969283803222
1.044950012623962
1.1407870092427492
1.7667799888467302
1.7540151905220662
1.04495001555755
1.1407870192413334
[1.7668192004118162, 1.753969283803222, 1.044950012623962, 1.1407870092427492, 1.7667799888467302, 1.7540151905220662, 1.04495001555755, 1.1407870192413334]
25.0
[[5, 8, 2, 3, 12], -4.761419208592178, -1.7485707123883998, 0]
-1.511110968438143
-2.773821817627408
-2.2201424519041058
-2.222544110633203
-2.406129410283773
-2.385666875335209
-2.2057830076577147
-2.2138627029736337
[-1.511110968438143, -2.773821817627408, -2.2201424519041058, -2.222544110633203, -2.406129410283773, -2.385666875335209, -2.2057830076577147, -2.2138627029736337]
100.0
[[11, 8, 10, 14, 2], 4.951776705203319, -0.5436238797932926, 1]
0.8359159001423416
0.8382895953334784
0.5768903963517741
0.5837801932425802
0.6191901628015835
0.6168275456460162
0.5311796742496274
0.6749922533213051
[0.8359159001423416, 0.8382895953334784, 0.5768903963517741, 0.5837801932425802, 0.6191901628015835, 0.6168275456460162, 0.5311796742496274, 0.6749922533213051]
75.0
[[11, 12, 9, 5, 14], 4.809765730721265, 4.619009378982257, 0]
1.356958892193748
1.3561615449211428
0.9070224122882615
0.9288280615583083
0.6587515447367782
0.6567375179472321
0.5271860299739461
0.8434830475838919
[1.356958892193748, 1.3561615449211428, 0.9070224122882615, 0.9288280615583083, 0.6587515447367782, 0.6567375179472321, 0.5271860299739461, 0.8434830475838919]
75.0
[[12, 11, 14, 7, 10], 0.3035571612344503, -0.09986078149808719, 1]
0.08776319306362002
0.08784139366501202
0.07120714313808414
0.0712289731490309
0.05856077411119564
0.058647750553020205
0.0776023394674893
0.07779052031268115
[0.08776319306362002, 0.08784139366501202, 0.07120714313808414, 0.0712289731490309, 0.05856077411119564, 0.058647750553020205, 0.0776023394674893, 0.07779052031268115]
75.0
[[11, 10, 7, 13, 5], 0.6770507042024434, 4.203304391919287, 1]
0.2317461209700843
0.23230719758370127
0.08387316358105487
0.08769008226634997
0.22172377637372964
0.2214957249209334
0.19106731278799718
0.19179766900270173
[0.2317461209700843, 0.23230719758370127, 0.08387316358105487, 0.08769008226634997, 0.22172377637372964, 0.2214957249209334, 0.19106731278799718, 0.19179766900270173]
25.0
[[15, 10, 3, 5, 11], 3.3502639953844007, 3.7669617614105704, 1]
1.2882782347754271
1.2900003993735976
0.8371679204648724
0.8795644436753774
0.6258713340767409
0.9082337749440273
0.4355757467207042
1.0903295451142039
[1.2882782347754271, 1.2900003993735976, 0.8371679204648724, 0.8795644436753774, 0.6258713340767409, 0.9082337749440273, 0.4355757467207042, 1.0903295451142039]
25.0
[[15, 4, 14, 12, 11], 3.3106784153169997, 0.6218870369902065, 1]
0.7291598589324658
0.7282891430620233
0.29862148196725585
0.3017671120660889
0.434383380715455
0.43362718658574606
0.35729272622308317
0.41708378912144506
[0.7291598589324658, 0.7282891430620233, 0.29862148196725585, 0.3017671120660889, 0.434383380715455, 0.43362718658574606, 0.35729272622308317, 0.41708378912144506]
0.0
[[9, 11, 3, 7, 8], -1.3340175200883788, 1.8423182236600724, 0]
-0.12089983034982801
-0.12354543412772027
-0.12580834440951497
-0.12657339449163485
-0.05047517524179323
-0.06639075908029946
-0.19369767538729613
-0.1938277774080218
[-0.12089983034982801, -0.12354543412772027, -0.12580834440951497, -0.12657339449163485, -0.05047517524179323, -0.06639075908029946, -0.19369767538729613, -0.1938277774080218]
75.0
[[10, 11, 0, 3, 14], -3.9384307668537732, 0.7441495845399739, 0]
-0.7403788564465306
-1.3207690766122118
-1.2020341292615226
-1.2080717574334363
-0.7404558490280948
-1.3207609159568976
-1.2020341308572058
-1.2080717591720187
[-0.7403788564465306, -1.3207690766122118, -1.2020341292615226, -1.2080717574334363, -0.7404558490280948, -1.3207609159568976, -1.2020341308572058, -1.2080717591720187]
75.0
[[8, 9, 3, 10, 1], 2.5436978431316213, -3.6350010444266347, 1]
1.270019677339512
1.1405795166821313
0.9047366308289138
0.8720397182897209
0.8410594302236359
0.8563234233970289
0.49336963255239086
0.6597905014881913
[1.270019677339512, 1.1405795166821313, 0.9047366308289138, 0.8720397182897209, 0.8410594302236359, 0.8563234233970289, 0.49336963255239086, 0.6597905014881913]
75.0
[[7, 13, 3, 0, 6], 3.9796787289501054, 2.594090702524264, 0]
1.3818758367276316
1.3819111608677015
0.6323527009245878
0.6414681989498504
1.1975294288948608
1.0430903983223263
1.436411156256848
1.3855117270733166
[1.3818758367276316, 1.3819111608677015, 0.6323527009245878, 0.6414681989498504, 1.1975294288948608, 1.0430903983223263, 1.436411156256848, 1.3855117270733166]
75.0
[[11, 5, 2, 3, 10], -4.765573137782278, -3.8477692041872325, 0]
-0.5600113968453633
-1.048077158918598
-0.5479225421042568
-0.60147210557294
-1.317804467581422
-1.244602153341376
-1.2051164983079938
-1.2091512462646257
[-0.5600113968453633, -1.048077158918598, -0.5479225421042568, -0.60147210557294, -1.317804467581422, -1.244602153341376, -1.2051164983079938, -1.2091512462646257]
25.0
[[0, 15, 11, 14, 5], -2.443099459425574, 3.1335438740227577, 0]
-0.13160199015093416
-0.28815873243084655
-0.1316293974872711
-0.2881414424227474
-1.054358111136451
-0.8709367044668089
-1.05430570760707
-0.8709148667464189
[-0.13160199015093416, -0.28815873243084655, -0.1316293974872711, -0.2881414424227474, -1.054358111136451, -0.8709367044668089, -1.05430570760707, -0.8709148667464189]
75.0
[[5, 8, 11, 0, 6], 0.8945824238032838, 2.9415792219341954, 0]
0.15813601033490324
0.15824899925499514
0.030436776349823412
0.030764805090967778
0.004122540524470339
0.00861585208986192
0.1718410749500027
0.17196374874687925
[0.15813601033490324, 0.15824899925499514, 0.030436776349823412, 0.030764805090967778, 0.004122540524470339, 0.00861585208986192, 0.1718410749500027, 0.17196374874687925]
75.0
[[4, 0, 14, 5, 9], 1.2775627331778114, 2.4767839992877017, 1]
0.0
0.0
0.0
0.0
0.0
0.0
0.0
0.0
[0.0, 0.0, 0.0, 0.0, 0.0, 0.0, 0.0, 0.0]
25.0
[[10, 7, 0, 4, 14], 0.5150332872547159, 1.0515592798550921, 0]
0.10699210275995605
0.10711437609950226
0.10698226265903307
0.10710454944498754
0.09100261915295839
0.09116613643898844
0.09100309608993025
0.09116661916980975
[0.10699210275995605, 0.10711437609950226, 0.10698226265903307, 0.10710454944498754, 0.09100261915295839, 0.09116613643898844, 0.09100309608993025, 0.09116661916980975]
75.0
[[8, 12, 6, 9, 11], -3.4654444103852287, 4.587840454692213, 0]
-0.12406239881334181
-0.15352287943400642
-0.14957002195852206
-0.19293430060132002
-0.5313719575919316
-0.5034480473689062
-0.5020512569833173
-0.46735335994254595
[-0.12406239881334181, -0.15352287943400642, -0.14957002195852206, -0.19293430060132002, -0.5313719575919316, -0.5034480473689062, -0.5020512569833173, -0.46735335994254595]
75.0
[[10, 13, 1, 0, 7], 2.884093364683019, 4.480942422713076, 1]
0.7630542732056985
0.7618713917331823
0.13386372578300476
0.16596218780305125
0.45015409000167006
0.4523923381810179
0.656912721878185
0.653010907354061
[0.7630542732056985, 0.7618713917331823, 0.13386372578300476, 0.16596218780305125, 0.45015409000167006, 0.4523923381810179, 0.656912721878185, 0.653010907354061]
25.0
[[15, 8, 5, 2, 13], -2.409035767477945, 1.0607793905350267, 1]
-0.44782769822568425
-0.5488311231767827
-0.4112544246576948
-0.41903429648416546
-0.5754440538639192
-0.5754993255880348
-0.8347086521140659
-0.8351228585729685
[-0.44782769822568425, -0.5488311231767827, -0.4112544246576948, -0.41903429648416546, -0.5754440538639192, -0.5754993255880348, -0.8347086521140659, -0.8351228585729685]
25.0
[[0, 11, 8, 2, 10], -4.432190041768036, -4.66443753751353, 0]
-2.3739859434282717
-2.3788664128360804
-2.374039546656535
-2.3789002066636264
-2.7365417156330114
-2.7188637075088877
-2.736517183925824
-2.718840698555018
[-2.3739859434282717, -2.3788664128360804, -2.374039546656535, -2.3789002066636264, -2.7365417156330114, -2.7188637075088877, -2.736517183925824, -2.718840698555018]
25.0
[[5, 1, 7, 10, 3], 0.08259184035643585, 4.834660940475278, 0]
0.017372310811296164
0.01736715415033365
0.007430019202358332
0.007458957566530688
0.007088684093770236
0.007119739736822641
0.016899617917509088
0.01689438977260043
[0.017372310811296164, 0.01736715415033365, 0.007430019202358332, 0.007458957566530688, 0.007088684093770236, 0.007119739736822641, 0.016899617917509088, 0.01689438977260043]
75.0
[[7, 3, 11, 15, 1], -2.4921923815884286, 0.9123734554799796, 1]
-0.4957535964822432
-0.5138419836455516
-0.6628783212492225
-0.672044939683367
-0.24679580516389246
-0.4661241971474409
-0.8652261713854329
-0.8640744614735041
[-0.4957535964822432, -0.5138419836455516, -0.6628783212492225, -0.672044939683367, -0.24679580516389246, -0.4661241971474409, -0.8652261713854329, -0.8640744614735041]
25.0
[[8, 10, 6, 4, 15], 2.506777942540107, -3.4888455245271768, 1]
1.3615034524207268
1.3632135584791512
1.3265255095649418
1.328813127117575
0.2902258099528236
1.0911318472353713
1.240228837903013
1.322662286691659
[1.3615034524207268, 1.3632135584791512, 1.3265255095649418, 1.328813127117575, 0.2902258099528236, 1.0911318472353713, 1.240228837903013, 1.322662286691659]
75.0
[[13, 2, 1, 8, 11], -4.1217864870380225, -3.980887599306324, 0]
-0.9972822582322529
-1.6882643019584793
-1.2613952848772276
-1.2851654092953042
-1.4410408271425659
-1.5037046216123942
-1.6120686521866896
-1.613981010052115
[-0.9972822582322529, -1.6882643019584793, -1.2613952848772276, -1.2851654092953042, -1.4410408271425659, -1.5037046216123942, -1.6120686521866896, -1.613981010052115]
25.0
[[5, 12, 3, 1, 13], -4.755598938410256, 1.694896851808064, 1]
-2.7553186997291244
-2.921894260154073
-3.1361307270232106
-3.1063181401062088
-3.0920950355666954
-3.032749595027452
-3.1217958663320595
-3.1183622116991545
[-2.7553186997291244, -2.921894260154073, -3.1361307270232106, -3.1063181401062088, -3.0920950355666954, -3.032749595027452, -3.1217958663320595, -3.1183622116991545]
25.0
[[9, 8, 10, 6, 3], 1.8468661536695565, 2.605248984926689, 0]
0.021559167153229742
0.021845587908645922
0.008427717516921642
0.019485848386017697
0.05273911594168442
0.05307972639582385
0.013522765188052833
0.01393698359263427
[0.021559167153229742, 0.021845587908645922, 0.008427717516921642, 0.019485848386017697, 0.05273911594168442, 0.05307972639582385, 0.013522765188052833, 0.01393698359263427]
75.0
[[13, 6, 8, 0, 9], 0.9134288170363556, 3.8143704397988607, 0]
0.3550955449097709
0.3550715285576506
0.18088877601141243
0.1816753887028359
0.27570025449547986
0.27594356235748885
0.35215183194322375
0.3521643213531962
[0.3550955449097709, 0.3550715285576506, 0.18088877601141243, 0.1816753887028359, 0.27570025449547986, 0.27594356235748885, 0.35215183194322375, 0.3521643213531962]
75.0
[[3, 10, 12, 7, 5], -4.805171153008216, 4.60669949065524, 0]
-1.7888364646832446
-1.9226511786556424
-1.7061575461962575
-1.6598918799897877
-1.6023810833947612
-1.7813766932755069
-1.958104092342612
-1.943856126971793
[-1.7888364646832446, -1.9226511786556424, -1.7061575461962575, -1.6598918799897877, -1.6023810833947612, -1.7813766932755069, -1.958104092342612, -1.943856126971793]
75.0
[[11, 4, 15, 5, 14], -4.8094489519039545, 1.853106723148695, 0]
-0.8301460416581
-0.8610225326995001
-0.4246061544751528
-0.44389190926584987
-0.8368513953014125
-0.8305709358194302
-1.02763180727273
-0.9687444497763283
[-0.8301460416581, -0.8610225326995001, -0.4246061544751528, -0.44389190926584987, -0.8368513953014125, -0.8305709358194302, -1.02763180727273, -0.9687444497763283]
75.0
[[3, 4, 15, 12, 10], 3.2539394509585247, 3.1206040420698713, 0]
0.9813013233966877
0.9690218953449119
0.260836780392529
0.2781944561764982
0.46842363868138365
0.4597575607668271
0.3324506905858749
0.388141046468375
[0.9813013233966877, 0.9690218953449119, 0.260836780392529, 0.2781944561764982, 0.46842363868138365, 0.4597575607668271, 0.3324506905858749, 0.388141046468375]
75.0
[[13, 10, 7, 15, 3], 3.8954190603453718, 1.135566240086355, 0]
0.7057761262949478
0.7053566940229541
0.4397938153545367
0.5318917435327315
0.6949799433430504
0.7062267218246874
0.29931571579540345
0.6583016971661987
[0.7057761262949478, 0.7053566940229541, 0.4397938153545367, 0.5318917435327315, 0.6949799433430504, 0.7062267218246874, 0.29931571579540345, 0.6583016971661987]
75.0
[[9, 0, 5, 4, 11], -4.234517796399797, 2.5498411424789866, 0]
0.0
0.0
0.0
0.0
0.0
0.0
0.0
0.0
[0.0, 0.0, 0.0, 0.0, 0.0, 0.0, 0.0, 0.0]
75.0
[[3, 9, 5, 6, 11], -0.36775617750992584, 2.5358050573571838, 1]
-0.06326892708694816
-0.06358542713709171
-0.0806935329225447
-0.08076100044700224
-0.08055779855995775
-0.08068447005157828
-0.08167469964685777
-0.08172087406462573
[-0.06326892708694816, -0.06358542713709171, -0.0806935329225447, -0.08076100044700224, -0.08055779855995775, -0.08068447005157828, -0.08167469964685777, -0.08172087406462573]
25.0
[[3, 4, 1, 13, 12], 1.1654146648996218, -1.6551681130385711, 1]
0.17240822013881224
0.1742555691692916
0.2491969139897156
0.2493450256257504
0.2089317296159598
0.2097970593356242
0.18131127141547604
0.18241737725121984
[0.17240822013881224, 0.1742555691692916, 0.2491969139897156, 0.2493450256257504, 0.2089317296159598, 0.2097970593356242, 0.18131127141547604, 0.18241737725121984]
75.0
[[6, 11, 1, 0, 9], 1.5915966384391842, 2.7721193464979867, 1]
0.4497608356749353
0.4509015685546866
0.09704648016120528
0.10202158260519749
0.22040947149448087
0.2219799254540581
0.5548174856774252
0.5546272515572251
[0.4497608356749353, 0.4509015685546866, 0.09704648016120528, 0.10202158260519749, 0.22040947149448087, 0.2219799254540581, 0.5548174856774252, 0.5546272515572251]
25.0
[[9, 5, 7, 2, 14], -2.3105750617234744, 0.26303744806300156, 1]
-0.12259485643908137
-0.17152476890921287
-0.19552134934834514
-0.19661046079385514
-0.0604767305555052
-0.1126430875650594
-0.2659985092188115
-0.2667654843900812
[-0.12259485643908137, -0.17152476890921287, -0.19552134934834514, -0.19661046079385514, -0.0604767305555052, -0.1126430875650594, -0.2659985092188115, -0.2667654843900812]
25.0
[[13, 14, 7, 10, 4], -1.0532817817011955, -3.436004781068156, 1]
-0.055509804965360156
-0.056330789606738596
-0.08381430278370765
-0.08430442346110362
-0.03989993437452735
-0.04231187581108594
-0.09545282749869025
-0.09583527900622921
[-0.055509804965360156, -0.056330789606738596, -0.08381430278370765, -0.08430442346110362, -0.03989993437452735, -0.04231187581108594, -0.09545282749869025, -0.09583527900622921]
75.0
[[13, 11, 10, 14, 1], 0.8590058034510069, 3.178532538991499, 0]
0.2310275502127485
0.23121879945380094
0.041216981289175524
0.050565399690963686
0.14613030404646274
0.14687433773558342
0.2461253034627829
0.2460079608806568
[0.2310275502127485, 0.23121879945380094, 0.041216981289175524, 0.050565399690963686, 0.14613030404646274, 0.14687433773558342, 0.2461253034627829, 0.2460079608806568]
75.0
[[2, 5, 15, 8, 13], 3.063044281063082, 3.982047965142085, 0]
0.7418389707761363
0.7473639647683797
0.47375049143522235
0.48521231230320117
0.8324527832001571
0.8140614976662671
0.15571781206936414
0.43976008444943954
[0.7418389707761363, 0.7473639647683797, 0.47375049143522235, 0.48521231230320117, 0.8324527832001571, 0.8140614976662671, 0.15571781206936414, 0.43976008444943954]
75.0
[[1, 2, 4, 6, 3], 2.0840316020497918, 3.8515662164314826, 1]
1.058601935312566
1.0490588766551334
1.2088849297704436
1.1035416974848444
0.4023095099594053
0.9270680333244775
0.5507212420507379
0.807917685714501
[1.058601935312566, 1.0490588766551334, 1.2088849297704436, 1.1035416974848444, 0.4023095099594053, 0.9270680333244775, 0.5507212420507379, 0.807917685714501]
25.0
[[14, 2, 8, 4, 1], -3.4398185803820756, 4.86686303838631, 1]
-1.7284953801197505
-1.8178604820162576
-2.1889764208181997
-2.1758794929645715
-1.945334786057059
-1.9551041226230383
-2.1926366511448494
-2.1615899154421983
[-1.7284953801197505, -1.8178604820162576, -2.1889764208181997, -2.1758794929645715, -1.945334786057059, -1.9551041226230383, -2.1926366511448494, -2.1615899154421983]
25.0
[[3, 5, 8, 15, 11], 0.14165954718444596, -3.304340847216797, 0]
0.016924539128289326
0.016991290304822427
0.007508643609142519
0.007560106949754644
0.004064760980909124
0.00411860877400332
0.01575430524588858
0.015823314607450942
[0.016924539128289326, 0.016991290304822427, 0.007508643609142519, 0.007560106949754644, 0.004064760980909124, 0.00411860877400332, 0.01575430524588858, 0.015823314607450942]
25.0
[[14, 11, 3, 6, 5], 2.8281573775662263, 0.7344040072653044, 0]
0.24165397649512035
0.24523700686187613
0.22766384952361224
0.24408965610623157
0.32805600833330045
0.36091312218350285
0.0665459545071719
0.13911328377003165
[0.24165397649512035, 0.24523700686187613, 0.22766384952361224, 0.24408965610623157, 0.32805600833330045, 0.36091312218350285, 0.0665459545071719, 0.13911328377003165]
75.0
[[14, 7, 11, 0, 9], -1.1674864678220818, 2.3675324902254697, 1]
-0.38497189181164276
-0.3850600412532268
-0.09132806742790528
-0.09571257440504825
-0.17973059251661092
-0.180958000600625
-0.3913777604717737
-0.39128921255661525
[-0.38497189181164276, -0.3850600412532268, -0.09132806742790528, -0.09571257440504825, -0.17973059251661092, -0.180958000600625, -0.3913777604717737, -0.39128921255661525]
25.0
[[1, 7, 4, 6, 13], 2.1046007969414795, 4.3666991898525875, 1]
0.47892986170898405
0.4678474272322335
0.3053031411437756
0.3085682921036991
0.39550095995986245
0.36145733492217186
0.1386092715077959
0.1508629468821062
[0.47892986170898405, 0.4678474272322335, 0.3053031411437756, 0.3085682921036991, 0.39550095995986245, 0.36145733492217186, 0.1386092715077959, 0.1508629468821062]
25.0
[[11, 8, 5, 15, 12], 4.119685639328139, -4.185865390180881, 0]
1.8783596501667674
1.8785638105538667
1.8325000311212079
1.827659635639373
1.73652943781885
1.7386079895812236
1.0241040135519879
1.9739264871556124
[1.8783596501667674, 1.8785638105538667, 1.8325000311212079, 1.827659635639373, 1.73652943781885, 1.7386079895812236, 1.0241040135519879, 1.9739264871556124]
25.0
[100.0, 75.0, 75.0, 75.0, 75.0, 75.0, 75.0, 75.0, 75.0, 75.0]
Individuo migliore: [[5, 8, 2, 3, 12], -4.761419208592178, -1.7485707123883998, 0] with fitness (100.0,)

Valore minimo della fitness: 0.0

Media della fitness: 53.0

Valore massimo della fitness: (100.0,)

OR experiment end in 0 and 1034.0555312633514 second 
Best Individual [[5, 8, 2, 3, 12], -4.761419208592178, -1.7485707123883998, 0] with fitness : (100.0,)
